323,511
124',588
121',14'
641,365
23,232
26,448
2'6,791
12'8,779
1141,21'
2'9,796
1'12,63
1'32,7''
473,327
925,12'
612,669
1148,711
333,323
4'5,5'9
577,735
315,635
1''2,5'
1158,4'3
388,885
746,796
7'9,672
929,868
224,191
679,883
939,581
442,453
38',511
136,67'
455,173
1253,423
1'19,546
1'94,764
224,555
293,834
611,278
636,844
89,7#
1'52,147
12'5,6'3
823,287
335,767
358,438
7'',275
1116,214
919,252
485,61
462,724
3'3,435
1223,621
487,738
73,227
1'57,431
667,859
965,831
1'94,549
211,143
1141,497
67,129
631,11
961,294
448,57
25,298
641,28'
216,764
13'4,318
636,443
569,679
979,679
792,7'9
398,739
562,7'9
517,746
1143,29'
1'32,271
698,469
718,585
584,739
495,287
441,8'3
1'71,561
2'8,777
972,232
249,385
629,74
584,36
7'4,719
922,837
321,96
85,29'
169,21'
897,215
626,836
8'6,1'3
1'47,642
915,317
976,542
912,7'9
246,65
121',84
987,127
741,231
723,478
#1,844
467,6'5
584,41'
282,565
338,36
922,7'3
47',38'
956,446
418,322
12'5,267
33,614
1'97,315
6'5,539
1284,325
1'64,45'
446,434
144,3'6
12'5,627
987,663
1133,59'
185,341
851,691
1148,376
7',6'3
345,271
1141,397
965,63
89',812
761,625
1'66,513
882,311
381,868
485,833
674,5'
323,663
975,319
517,148
1148,885
1'66,157
632,432
758,115
1'43,677
756,532
1'64,849
72',833
726,812
1118,52
733,47
823,6'4
1''1,271
216,1'1
323,767
55,184
838,86
72,413
84',38'
97,5'8
1'26,642
922,75'
465,233
1284,121
592,289
847,334
612,791
751,64'
766,885
64,385
1215,338
298,662
315,7'7
256,67
1261,91
162,457
319,767
187,717
93',383
7'5,8'3
726,3'6
#5,635
4'',7'5
487,511
797,341
561,187
1'2,779
262,61
354,513
549,6'3
244,21'
935,844
328,7'
249,735
1228,466
1228,684
1'58,2'6
43',32
1'17,168
584,82
1'7,161
938,329
51',418
3'',261
1136,267
793,633
843,289
1255,184
1'64,45
748,754
152,17'
155,144
162,631
1173,347
#5,7'7
43,616
1'44,891
#1,687
947,348
1246,61
726,261
91',7'5
126,329
6,318
249,159
952,232
63,467
769,579
1'21,318
1'37,65
1133,529
39',869
118,434
1174,224
1287,232
1'51,868
544,12'
259,868
869,385
952,456
88,464
26,224
4'5,681
621,614
12',7''
13'7,112
1'89,792
326,771
6',5'5
729,667
124',6'3
1223,19'
269,11
574,177
321,273
594,527
213,173
142,738
224,787
6'5,91
914,147
157,658
7'',658
843,737
283,278
1171,717
497,449
1'64,444
1'54,6'3
976,576
815,6'7
514,635
9'2,333
564,796
741,646
395,865
1126,6'4
3'9,63
9'',6'5
17,327
718,533
441,579
636,2
12'',#
82,71
418,572
326,323
843,583
1'66,737
237,351
231,34'
377,691
23,11
1161,451
1212,5'9
592,586
1'17,84'
872,735
465,457
1'61,385
1143,831
518,7'9
1284,224
862,649
29',721
1'37,'
12'5,827
89,3'2
792,485
244,381
1243,129
385,229
547,597
381,'
146,5
1221,7#
726,7'9
167,596
555,2'3
1'39,485
425,61'
353,148
1'54,155
838,8'8
1266,51
64,5'9
562,185
423,554
1''6,875
469,553
823,511
259,864
463,334
636,892
1'73,351
58',654
#4,26
63,875
1197,763
559,34'
938,453
3'9,6'7
12'',795
57,459
9'5,159
574,333
8'',588
515,311
7',288
98,49
2',151
1'89,1'2
2#,143
659,679
7',36
13'3,239
441,315
167,6'4
162,337
1178,886
629,771
1'89,55'
382,513
939,726
637,6'7
96',875
221,67
1155,144
584,7'9
44,51
#4,232
823,578
12'5,515
375,844
5'9,287
935,396
659,112
591,19
8'',418
818,263
1174,9
1'21,576
528,565
139,759
2'6,21
1133,81
7'',843
1164,5
1'11,639
12'3,597
395,129
12,775
385,568
1'33,691
167,511
793,746
654,45
85',68'
497,584
442,567
2'6,873
1'',362
89,95
934,819
763,597
157,768
984,518
766,68'
949,6'
279,113
515,456
711,857
448,425
733,159
273,829
224,32
89',73'
35',168
388,639
87,19'
679,11
13,753
85,696
1148,631
1235,453
387,665
749,7'7
123',45'
119,318
795,456
472,8'8
1'61,681
216,325
142,879
391,252
291,348
442,439
758,144
661,173
1'91,851
97,386
764,728
648,318
146,665
186,849
592,533
8',717
744,16
385,12'
124',3'6
587,317
249,5'9
343,844
1293,327
454,565
862,57
1'41,883
549,515
256,7'9
253,675
39',81'
216,549
323,127
1'#,751
284,642
843,311
467,737
1'98,439
167,298
#2,357
211,751
1246,5'9
572,823
741,663
782,329
345,63
266,389
922,639
129,648
354,261
321,845
1'57,675
1'86,7'4
2#,255
216,774
388,437
917,494
393,4''
1'51,864
177,59'
785,246
1'31,333
1153,658
396,147
964,5'
1''5,742
372,441
959,148
626,12'
149,443
385,774
723,577
726,155
584,588
123',444
1'41,326
266,5'5
572,876
792,185
328,571
157,61
44,684
6'6,194
13'',186
922,144
1'17,616
61',843
137,522
733,735
139,347
954,383
1168,156
627,222
131',4'1
813,124
358,232
1153,32'
1'31,844
565,592
118,882
266,57
1'5,6'3
651,148
674,2
1'2,115
856,331
718,3'9
584,633
518,185
1223,854
249,61
746,98
751,332
1'44,639
44,843
741,696
12'5,647
863,5'2
577,159
684,836
1'19,348
141,341
3'4,875
87,264
1223,829
95,78'
361,6'
43,278
651,215
1295,498
971,187
358,662
11',383
863,766
1166,451
269,217
758,526
933,579
13'3,368
13,141
555,691
1173,323
649,273
398,155
83',627
544,885
1'5,647
631,68'
157,124
146,889
1'66,21'
594,437
246,45
61',171
1143,6'4
63,19
574,513
689,738
1''7,435
877,739
1225,679
6#,84'
#1,5'
677,7'
186,45
1143,596
315,259
682,261
48,754
945,576
1'71,4'6
846,381
11,35
7,368
162,885
#5,259
293,278
11',9
49',1'9
1223,7'4
738,876
2'6,343
813,32'
1''6,14
1148,337
41',18
256,185
174,179
689,614
162,845
438,735
559,338
1'48,61
1148,437
689,156
1'71,488
63,427
567,7'4
518,829
885,61'
572,684
4'6,1'
552,368
745,592
281,22
35',14
249,213
1'61,159
365,318
234,185
27,222
3'9,8'3
3'9,271
425,732
1'66,375
213,315
1'79,34'
887,554
627,672
125',255
1'84,583
1'7,597
5'7,844
85,198
293,84'
933,691
392,833
584,185
447,766
184,29'
261,848
723,42'
244,829
887,562
592,6'5
577,47
1148,681
1273,77'
989,798
1181,694
763,161
98,845
1'31,561
185,329
9'9,463
1''1,495
41',6'5
7'4,175
1'49,4''
266,891
956,633
2#,367
162,29'
796,635
927,485
1'17,6'
1257,446
735,1'
321,798
1'27,278
965,679
298,63
77,847
736,513
1266,684
92',25
7'',171
229,284
698,1'3
1''6,616
388,837
1284,849
3'9,175
413,215
459,691
9'8,654
674,443
3'4,19
9'9,431
1284,4'1
455,582
278,194
1287,11
1266,236
572,338
125',389
726,633
1215,332
32',8''
1292,5'
833,813
13'7,351
1171,347
231,858
142,156
137,323
72,861
87,829
9'',338

fold along x=655
fold along y=447
fold along x=327
fold along y=223
fold along x=163
fold along y=111
fold along x=81
fold along y=55
fold along x=4'
fold along y=27
fold along y=13
fold along y=6